f1 = 0.8032909498878085
loss = 0.1808051898267614
precision = 0.8026905829596412
recall = 0.8038922155688623
